   3.7931477e+02   3.4656930e+02   4.2190599e+02   4.0214085e+02   2.3068668e+02   4.3271547e+02   3.2244953e+02   4.7164152e+02   5.4277502e+02   4.5233191e+02   3.6511290e+02   4.5759849e+02   3.5096994e+02   3.5921880e+02   4.4882414e+02   4.7640192e+02   4.5177697e+02   4.0051625e+02   4.6762994e+02   4.3423292e+02
   2.7562107e+02   3.1887510e+02   3.1303442e+02   3.3579088e+02   2.3068668e+02   4.1373858e+02   2.4487695e+02   3.7489076e+02   3.6622297e+02   3.7583729e+02   2.9929478e+02   4.3530763e+02   2.9962632e+02   3.3823754e+02   3.9176976e+02   2.3852867e+02   3.2459125e+02   2.3574627e+02   2.0316522e+02   3.4433521e+02
   2.2369827e+02   3.1723617e+02   2.2826381e+02   2.2398928e+02   1.9645969e+02   2.8815106e+02   2.3537731e+02   3.2497927e+02   2.7368783e+02   2.3785748e+02   2.9929478e+02   3.6031316e+02   2.7289967e+02   2.0599107e+02   1.7299046e+02   2.2637290e+02   2.4008661e+02   2.3107532e+02   1.2677234e+02   2.6040651e+02
   2.2114276e+02   2.4195871e+02   1.8312361e+02   1.8514363e+02   1.7779509e+02   1.0279773e+02   1.6467227e+02   2.5762022e+02   1.5882751e+02   2.3785748e+02   1.9761013e+02   2.4128213e+02   2.1980011e+02   2.0599107e+02   1.7299046e+02   1.0426141e+02   2.2099604e+02   2.1523636e+02   1.2677234e+02   2.3806737e+02
   4.7598901e+01   1.2628285e+02   1.3453856e+02   1.0799394e+02   6.8073511e+01   1.0279773e+02   1.3262489e+02   1.4866069e+02   1.5378901e+02   1.7126238e+02   1.6293240e+02   1.5532084e+02   1.5053273e+02   1.8619057e+02   1.1244486e+02   1.0426141e+02   1.5953691e+02   1.9064869e+02   1.2677234e+02   1.3586796e+02
   4.7598901e+01   1.1632952e+02   1.2245340e+02   8.9670204e+01   6.8073511e+01   9.9291990e+01   9.8081827e+01   1.1229722e+02   1.1656119e+02   1.0584222e+02   1.4298627e+02   1.5141440e+02   1.2518268e+02   1.5688246e+02   1.1244486e+02   1.0310140e+02   1.5953691e+02   1.2533026e+02   8.6202687e+01   1.3306535e+02
   4.7598901e+01   1.0220834e+02   4.1583503e+01   8.9670204e+01   6.8073511e+01   8.3782646e+01   8.6550129e+01   1.0540769e+02   1.1656119e+02   1.0584222e+02   1.2376632e+02   1.4537525e+02   7.3373523e+01   1.2560822e+02   7.8890112e+01   1.0020680e+02   1.5606549e+02   1.2467049e+02   8.2732047e+01   1.3306535e+02
   4.7598901e+01   7.1026379e+01   4.0266305e+01   8.0163759e+01   6.8073511e+01   8.3782646e+01   8.6550129e+01   7.1684380e+01   6.7898107e+01   1.0584222e+02   1.2376632e+02   1.1117017e+02   7.3373523e+01   1.0708309e+02   7.8890112e+01   9.8694366e+01   1.2525144e+02   1.0892135e+02   8.2732047e+01   9.6747353e+01
   4.7598901e+01   7.1026379e+01   4.0266305e+01   7.7540633e+01   6.8073511e+01   7.2850198e+01   7.9107125e+01   7.1684380e+01   6.7898107e+01   6.8649288e+01   9.3492541e+01   8.8373973e+01   7.3373523e+01   6.4422188e+01   7.8890112e+01   9.4304411e+01   9.0389477e+01   1.0852988e+02   7.2673977e+01   8.4216013e+01
   4.7598901e+01   6.9468995e+01   4.0266305e+01   7.7540633e+01   6.8073511e+01   7.2850198e+01   4.0555020e+01   7.1684380e+01   6.7898107e+01   6.8649288e+01   9.3492541e+01   6.0182119e+01   7.3373523e+01   6.4422188e+01   7.8890112e+01   9.4304411e+01   8.7163138e+01   1.0852988e+02   3.6293188e+01   8.0859692e+01
   4.1146100e+01   6.9377499e+01   4.0266305e+01   7.7540633e+01   6.4971049e+01   4.6480357e+01   4.0555020e+01   7.1684380e+01   4.6988151e+01   6.8649288e+01   7.1706440e+01   6.0182119e+01   7.3373523e+01   5.4281679e+01   7.8890112e+01   7.4774931e+01   8.6344903e+01   8.1091099e+01   3.6293188e+01   8.0859692e+01
   3.2009442e+01   2.4846142e+01   2.0070950e+01   3.7396397e+01   3.6564633e+01   2.0571799e+01   3.0227589e+01   2.5281764e+01   2.5018936e+01   1.6352904e+01   2.9830360e+01   2.5107338e+01   3.2139873e+01   3.4364926e+01   4.8206810e+01   3.0744115e+01   2.1144061e+01   4.0268150e+01   2.5362142e+01   2.2865022e+01
   8.7935974e-01   8.2601887e+00   3.3644731e+00   3.0616736e+00   1.4852538e+01   3.5491485e+00   5.6618984e+00   8.2446650e+00   4.4887347e+00   7.4520164e-01   3.1348284e+00   7.6614075e+00   9.2079294e+00   6.0241888e+00   1.3360992e+01   7.6861491e+00   5.5122944e+00   3.9533693e+00   4.3231771e+00   2.3661931e+00
   1.3284532e-02   2.5503212e-02   2.0880445e-03   3.9053603e-02   4.7088746e-02   2.0645694e-02   4.2269013e-02   3.9920102e-02   3.8115254e-03   7.0192026e-03   2.1319939e-02   1.2707043e-02   5.7085483e-02   2.0311574e-02   7.0451388e-03   3.3276841e-02   3.9026237e-03   1.3238915e-02   4.5517106e-02   2.3537032e-02
   3.0656687e-08   1.6668119e-07   1.6123371e-08   3.2922519e-07   4.8954568e-08   1.9997933e-08   1.6428642e-07   3.5359780e-07   6.9024558e-08   3.4361195e-07   2.2770680e-08   1.5349273e-07   5.2669595e-07   6.5838108e-08   1.3517155e-07   1.8017346e-07   5.6069872e-08   2.6012119e-08   7.0701346e-08   1.6401192e-07
   0.0000000e+00   1.9721523e-31   3.9443045e-31   3.9443045e-31   2.9582284e-30   5.3248111e-30   6.3108872e-30   2.3665827e-29   2.9187853e-29   3.1554436e-29   3.7273678e-29   3.9443045e-29   1.2503445e-28   1.7966307e-28   2.9010360e-28   2.9799221e-28   4.9639072e-28   1.2826878e-27   2.3003184e-27   3.4583859e-26
