   2.6499195e+03   2.3952161e+03   2.7230904e+03   2.0875986e+03   2.2906180e+03   2.6697934e+03   2.3928367e+03   2.3842259e+03   2.9076455e+03   2.4149937e+03   2.2314451e+03   2.0035796e+03   2.5703930e+03   2.4396649e+03   1.8713202e+03   2.4266373e+03   2.0854533e+03   1.8981278e+03   2.4083372e+03   1.8268863e+03
   2.2569175e+03   2.3222671e+03   1.6210626e+03   2.0875986e+03   1.3142208e+03   2.3144783e+03   2.2138085e+03   2.3842259e+03   2.0821819e+03   9.8006336e+02   1.5167534e+03   1.4704719e+03   1.1183996e+03   1.8208161e+03   1.8162892e+03   2.0795349e+03   2.0854533e+03   1.8981278e+03   2.0618774e+03   1.8268863e+03
   1.5292109e+03   1.4783321e+03   1.5076610e+03   1.1423256e+03   1.3142208e+03   1.7806562e+03   2.0388067e+03   2.1885982e+03   1.9306760e+03   9.8006336e+02   1.5167534e+03   1.3802515e+03   1.1183996e+03   1.2389764e+03   1.7431822e+03   1.4571904e+03   1.8174388e+03   1.6208146e+03   1.5138793e+03   1.8268863e+03
   1.4310601e+03   1.0972969e+03   1.5076610e+03   1.1423256e+03   1.1604416e+03   1.2457654e+03   1.0030876e+03   1.2754891e+03   1.0730400e+03   8.8844623e+02   1.5167534e+03   1.1401717e+03   1.0787883e+03   1.2006453e+03   1.0126198e+03   9.5719812e+02   1.4293822e+03   1.2526876e+03   1.5138793e+03   1.1489169e+03
   5.7906141e+02   1.0006687e+03   1.0595334e+03   1.0143436e+03   5.0291692e+02   7.8424934e+02   1.0030876e+03   7.4919638e+02   6.1389512e+02   8.8844623e+02   1.5090922e+03   1.0289970e+03   1.0787883e+03   6.1556916e+02   7.2293217e+02   8.4923672e+02   1.4293822e+03   1.2526876e+03   1.0000367e+03   9.9479502e+02
   5.7906141e+02   8.5072880e+02   8.9778582e+02   3.4027416e+02   5.0291692e+02   7.2494417e+02   8.4824937e+02   7.4919638e+02   5.7106232e+02   8.8844623e+02   9.7732240e+02   9.5565764e+02   1.0787883e+03   5.3892589e+02   6.9382586e+02   7.5849715e+02   7.1070025e+02   1.2526876e+03   9.5393650e+02   8.2429442e+02
   3.7568537e+02   8.5072880e+02   8.9778582e+02   3.4027416e+02   4.7581596e+02   2.1552343e+02   7.9119105e+02   5.3834534e+02   5.7106232e+02   3.8157866e+02   5.1287808e+02   3.6719710e+02   9.2646848e+02   5.3892589e+02   4.7261248e+02   5.3771534e+02   7.0845286e+02   5.9613030e+02   6.5837580e+02   8.2429442e+02
   2.6623113e+02   3.3959536e+02   4.2511723e+02   3.4027416e+02   2.2783339e+02   2.0645503e+02   3.6037771e+02   2.8798141e+02   4.0485344e+02   3.1918265e+02   5.1287808e+02   3.0451842e+02   6.3130146e+02   5.3892589e+02   4.7261248e+02   5.3771534e+02   4.0769409e+02   3.7299001e+02   5.2629323e+02   5.3890084e+02
   1.3029626e+02   3.3959536e+02   4.2511723e+02   3.4027416e+02   1.4269211e+02   2.0645503e+02   2.2847906e+02   2.8798141e+02   4.0485344e+02   1.3167234e+02   2.3910821e+02   6.2517992e+01   2.4090106e+02   4.6045680e+02   3.1123524e+02   5.1450942e+02   4.0769409e+02   1.1530730e+02   5.2629323e+02   4.5556874e+02
   1.3029626e+02   3.3959536e+02   4.1216485e+02   1.7747954e+02   1.4269211e+02   2.0645503e+02   2.2847906e+02   1.3952761e+02   2.4231211e+02   1.3167234e+02   1.3277634e+02   5.3847931e+01   2.4090106e+02   4.6045680e+02   2.9023661e+02   4.2584537e+02   4.0769409e+02   1.1530730e+02   1.2647356e+02   4.5556874e+02
   1.3029626e+02   7.5065565e+01   1.6115135e+02   1.7747954e+02   1.4269211e+02   2.0411135e+02   1.9740890e+02   8.6656364e+01   2.4231211e+02   1.2542570e+02   1.3277634e+02   5.3847931e+01   2.1726630e+01   2.8144907e+02   9.4694101e+01   3.6100187e+02   4.0635400e+02   1.1530730e+02   1.2647356e+02   3.0308860e+02
   5.8651523e+01   3.7299687e+01   4.4955488e+01   2.1758790e+01   1.5350026e+01   3.7048559e+01   1.5025570e+01   4.0024165e+01   1.1942163e+01   1.1397058e+01   4.9945353e+01   9.4185167e+00   7.1919078e+00   2.4314166e+01   1.2975255e+01   1.7626736e+01   2.0632866e+01   2.3574950e+01   2.9174467e+01   1.9714708e+01
   4.0231445e+00   3.7645821e+00   3.0114830e+00   1.7103957e+00   3.8764104e+00   1.7872588e+00   3.2697182e+00   2.7077775e+00   3.7124864e+00   3.7932823e+00   6.1418284e+00   1.2753250e-01   1.9111525e+00   4.1670472e+00   1.8197643e+00   5.5826963e-01   2.4700026e+00   1.2787118e+00   6.8747611e-01   2.8791453e+00
   1.7052685e-03   1.2788127e-03   2.7544122e-03   2.5415582e-03   2.4962459e-03   7.9199462e-03   3.7198431e-03   2.4814448e-03   2.2416963e-03   1.9184195e-02   1.5449165e-02   2.6963722e-03   1.6214581e-03   9.0569095e-03   6.8758081e-04   8.2359170e-04   7.2762254e-03   1.4348823e-03   1.3670736e-03   2.8541769e-03
   8.4587006e-09   1.8075949e-08   6.7128923e-08   1.4994636e-08   3.4508945e-08   1.6943092e-08   2.3080980e-08   6.2866279e-08   4.2466654e-08   6.7634511e-08   7.6560326e-08   1.0273353e-08   6.4223035e-08   4.6099202e-08   1.7690144e-08   5.9059650e-08   2.2720096e-07   1.1123430e-08   2.5911611e-08   1.3937970e-07
   0.0000000e+00   0.0000000e+00   0.0000000e+00   0.0000000e+00   0.0000000e+00   0.0000000e+00   0.0000000e+00   0.0000000e+00   0.0000000e+00   0.0000000e+00   0.0000000e+00   0.0000000e+00   0.0000000e+00   0.0000000e+00   0.0000000e+00   0.0000000e+00   0.0000000e+00   0.0000000e+00   0.0000000e+00   0.0000000e+00
