   5.4023667e+02   9.2306119e+02   7.4383156e+02   5.5044129e+02   3.3244712e+02   4.7206566e+02   6.1494846e+02   6.2043490e+02   7.9470031e+02   8.5112668e+02   6.6746663e+02   8.2958986e+02   1.1229807e+03   6.8000746e+02   5.5965815e+02   6.7187998e+02   7.0508380e+02   5.8522010e+02   6.2646929e+02   8.2379270e+02
   5.4023667e+02   5.9706916e+02   2.2951125e+02   5.5044129e+02   3.3244712e+02   4.7206566e+02   5.4560620e+02   6.2043490e+02   2.4278388e+02   6.7147335e+02   4.3483056e+02   7.9776170e+02   6.2928262e+02   6.8000746e+02   5.5190696e+02   4.3774595e+02   6.0950831e+02   3.5443596e+02   4.9354584e+02   2.2442819e+02
   4.9211904e+01   5.1950446e+02   2.2951125e+02   5.2270799e+02   3.3244712e+02   4.7206566e+02   4.9441733e+01   6.2043490e+02   2.4278388e+02   4.1783333e+02   3.0451629e+02   5.4705097e+02   5.3497071e+02   3.0203811e+02   5.1892258e+02   3.7886945e+02   6.0950831e+02   3.5443596e+02   4.9354584e+02   2.2438730e+02
   4.9211904e+01   2.7442765e+02   1.9846517e+02   4.5214689e+02   3.3244712e+02   2.4117302e+02   4.9441733e+01   3.4548935e+02   2.4278388e+02   1.4686643e+02   3.0451629e+02   1.0539171e+02   4.8814119e+02   3.0203811e+02   4.0108476e+02   3.7886945e+02   4.7506250e+02   3.5443596e+02   4.6532619e+02   2.2438730e+02
   4.9211904e+01   1.6251519e+02   1.7354968e+02   3.4530033e+02   3.3244712e+02   1.6549098e+02   4.9441733e+01   3.4548935e+02   2.4278388e+02   1.3235063e+02   7.4744153e+01   6.8141193e+01   2.8555706e+02   2.3213985e+02   3.0229999e+02   3.7886945e+02   4.4491753e+02   2.3180011e+02   3.5473955e+02   2.2438730e+02
   4.9211904e+01   1.6251519e+02   1.7354968e+02   1.9290419e+02   3.3244712e+02   1.2864937e+02   4.5100127e+01   3.4548935e+02   1.8851361e+02   1.3235063e+02   7.4744153e+01   6.8141193e+01   9.5199209e+01   2.3213985e+02   1.4298658e+02   2.4917003e+01   3.0565100e+02   1.5491073e+02   1.0946683e+02   1.7719645e+02
   4.9211904e+01   1.6251519e+02   8.8740500e+01   1.4463692e+02   3.3244712e+02   1.2864937e+02   4.5100127e+01   1.3910682e+02   1.8851361e+02   1.3235063e+02   7.4744153e+01   6.8141193e+01   9.5199209e+01   2.3198706e+02   1.4298658e+02   2.4917003e+01   2.8687261e+02   8.5292656e+01   1.0946683e+02   1.7719645e+02
   4.9099485e+01   1.2483442e+02   8.5925582e+01   8.8536221e+01   2.5000592e+02   5.2091873e+01   3.4382081e+01   1.3910682e+02   1.8851361e+02   1.1790452e+02   7.1436310e+01   6.8141193e+01   9.5199209e+01   2.3198706e+02   9.0722424e+01   2.4917003e+01   2.4191580e+02   3.8570990e+01   8.7659468e+01   1.7719645e+02
   4.9099485e+01   1.2483442e+02   4.1707891e+01   6.7361159e+01   2.3083073e+02   4.7544764e+01   3.4382081e+01   1.3910682e+02   7.9216677e+01   8.6312355e+01   7.1436310e+01   6.7008068e+01   9.5199209e+01   1.5254853e+02   7.3931544e+01   1.9142495e+01   1.0383113e+02   3.8570990e+01   8.7659468e+01   1.7529118e+02
   3.0671356e+01   1.0549516e+02   4.1707891e+01   6.5816367e+01   8.3915710e+01   4.7544764e+01   3.2207318e+01   1.3910682e+02   7.6084198e+01   4.2171316e+01   1.7627688e+01   6.5852727e+01   9.5199209e+01   7.2864396e+01   6.8885588e+01   1.7168126e+01   6.4671235e+01   3.6597392e+01   8.7659468e+01   1.7529118e+02
   1.5461216e+01   1.0549516e+02   4.1707891e+01   6.5816367e+01   3.4821506e+01   4.7544764e+01   3.2207318e+01   8.8010426e+01   7.6084198e+01   3.9109593e+01   1.7627688e+01   6.5852727e+01   8.7597631e+01   6.8931792e+01   6.8885588e+01   1.7168126e+01   6.4671235e+01   3.5050282e+01   7.9905872e+01   1.2462457e+02
   1.0995363e+01   8.2320490e-01   8.1092276e+00   1.9659941e+01   8.2482174e+00   7.7669964e+00   3.8459166e+00   1.6201344e+01   8.5783017e+00   1.3271419e+01   1.1308795e+01   1.6274888e+01   2.9161495e+01   1.7985297e+01   3.6612701e+00   1.2962419e+01   2.8857677e+00   7.2107904e+00   3.2311795e+01   4.3961274e+01
   1.2090072e+00   8.0168307e-01   1.3548644e+00   1.5878143e+00   1.2577482e+00   2.3891442e+00   1.5218203e+00   3.1557719e+00   1.5012720e+00   2.6379929e+00   1.6552880e+00   1.5308451e+00   1.4555244e+00   1.7859943e+00   8.5391638e-01   1.7270695e+00   1.3774623e+00   7.9897625e-01   2.6808416e+00   2.5304860e+00
   2.3056086e-01   1.3883630e-01   2.2805951e-01   1.5842573e-01   1.1861387e-01   1.0881816e-01   3.2129841e-01   3.0023609e-01   1.7858452e-01   3.3179180e-01   5.4805615e-01   2.7289221e-01   2.4961400e-01   2.5519040e-01   1.7666841e-01   2.7069765e-01   1.4786461e-01   2.1897671e-01   4.0156873e-01   4.7459885e-01
   3.8716717e-02   3.1647509e-02   1.5180438e-02   3.1996833e-02   4.8608740e-02   2.0514482e-02   3.1946353e-02   2.2736318e-02   3.7451112e-02   4.0127426e-02   5.5904154e-02   5.1057923e-03   4.1605853e-02   2.7235018e-02   3.6013723e-02   6.0819765e-02   3.5596975e-02   2.2711113e-02   6.3726586e-02   5.9260415e-02
   6.1567379e-07   4.4521925e-06   8.3304050e-06   1.3305138e-05   3.0590341e-05   3.6022603e-05   5.6098375e-05   1.0232470e-04   1.0649855e-04   1.1528575e-04   1.5341056e-04   1.6410538e-04   2.0073557e-04   2.6213053e-04   3.5528114e-04   3.5787586e-04   4.6505683e-04   6.5522185e-04   5.9368353e-03   2.0186480e-02
