   2.7199621e+03   2.5003102e+03   2.6630203e+03   2.7734771e+03   2.6940608e+03   2.3955255e+03   2.4712598e+03   2.6187022e+03   2.6321882e+03   2.8996292e+03   2.0167321e+03   2.8487316e+03   2.0147063e+03   2.4495286e+03   2.6978101e+03   2.6613502e+03   2.3574883e+03   2.2448440e+03   2.5269274e+03   2.6404223e+03
   2.1950708e+03   2.4512655e+03   2.2775224e+03   2.2714294e+03   2.6940608e+03   2.3955255e+03   1.9386770e+03   2.5021086e+03   2.3463853e+03   2.6027602e+03   2.0167321e+03   1.6239044e+03   2.0147063e+03   2.2903754e+03   2.4122494e+03   1.6268831e+03   2.3114870e+03   2.1644259e+03   2.2933182e+03   2.6023733e+03
   1.6917659e+03   2.2247832e+03   2.2775224e+03   1.6254710e+03   1.5702989e+03   2.0684863e+03   1.3692574e+03   2.2703634e+03   2.3463853e+03   1.9374419e+03   2.0167321e+03   1.2526752e+03   1.9063493e+03   2.2903754e+03   2.1285142e+03   1.6268831e+03   1.5246672e+03   2.1644259e+03   1.5277265e+03   2.2640381e+03
   1.6917659e+03   2.0053757e+03   2.2775224e+03   1.6254710e+03   1.5702989e+03   2.0684863e+03   1.3692574e+03   9.8199871e+02   1.8787204e+03   1.5930015e+03   2.0167321e+03   1.2526752e+03   1.9063493e+03   2.1734215e+03   1.4783590e+03   1.6268831e+03   1.5246672e+03   1.8384893e+03   1.1780215e+03   2.2640381e+03
   1.2759976e+03   1.6148603e+03   1.5886716e+03   1.6073194e+03   1.5702989e+03   1.8725050e+03   7.7251971e+02   9.8199871e+02   1.7098275e+03   7.5289477e+02   1.7301444e+03   1.2526752e+03   1.8104790e+03   2.0398280e+03   1.2659560e+03   1.6268831e+03   1.5246672e+03   1.8350197e+03   1.1780215e+03   1.7711964e+03
   1.2759976e+03   1.4536047e+03   1.5886716e+03   1.5019570e+03   1.4204162e+03   1.6751609e+03   7.7251971e+02   9.8199871e+02   1.2587318e+03   5.5057458e+02   1.6402343e+03   1.2526752e+03   1.2873720e+03   1.2336196e+03   1.1380223e+03   1.5880681e+03   1.5246672e+03   1.6645611e+03   1.1780215e+03   1.4248358e+03
   1.2759976e+03   1.4536047e+03   1.5081206e+03   5.9768694e+02   1.3997985e+03   1.4885513e+03   2.9531356e+02   9.8199871e+02   1.2587318e+03   5.5057458e+02   6.6648374e+02   1.2526752e+03   1.2873720e+03   1.2096540e+03   1.0777156e+03   1.5224725e+03   1.3378703e+03   1.5888297e+03   1.1780215e+03   1.3229808e+03
   1.2759976e+03   1.4536047e+03   1.5081206e+03   5.9768694e+02   1.3398263e+03   1.2532858e+03   2.9531356e+02   9.4346712e+02   1.0269113e+03   5.5057458e+02   6.6648374e+02   1.2349367e+03   1.2084328e+03   9.6865991e+02   1.0777156e+03   1.3714960e+03   9.1532251e+02   1.4471038e+03   1.1780215e+03   1.3229808e+03
   6.3241557e+02   1.2628873e+03   1.3173336e+03   5.9768694e+02   1.2110114e+03   1.1515657e+03   2.9531356e+02   9.4346712e+02   7.0174974e+02   5.5057458e+02   6.6648374e+02   8.4320487e+02   4.8762881e+02   5.0073752e+02   1.0777156e+03   8.4568515e+02   9.1532251e+02   6.9996040e+02   1.1780215e+03   1.0165351e+03
   6.3241557e+02   7.7208067e+02   1.1699460e+03   5.9768694e+02   3.7148024e+02   1.1515657e+03   2.9531356e+02   9.4346712e+02   7.0174974e+02   5.5057458e+02   6.6648374e+02   7.4956108e+02   4.8762881e+02   5.0073752e+02   6.6362566e+02   8.0993522e+02   2.5303929e+02   5.9197761e+02   1.1780215e+03   9.7234027e+02
   4.1160755e+02   7.7208067e+02   1.1699460e+03   5.9768694e+02   3.7148024e+02   8.3044360e+02   2.9531356e+02   2.0284385e+02   7.0174974e+02   5.5057458e+02   6.6648374e+02   7.4956108e+02   4.8762881e+02   5.0073752e+02   6.6362566e+02   8.0993522e+02   2.5088804e+02   3.3825418e+02   9.0781300e+02   8.5315126e+02
   3.7072459e+02   2.3775805e+02   5.8180788e+00   4.9112502e+02   1.8357678e+02   4.9622358e+02   2.9531356e+02   2.0284385e+02   1.8862617e+02   4.2364079e+02   2.5010826e+02   3.5150176e+02   1.2125252e+02   5.0073752e+02   1.4954175e+02   9.7874773e+01   2.0699656e+02   2.3149517e+02   1.9005993e+02   2.3118127e+02
   2.9396426e+01   3.3128389e+01   5.8180788e+00   1.6002805e+01   6.3187603e+00   6.6014851e+01   1.8675104e+01   5.3642648e+01   2.0082953e+01   1.1352323e+01   2.3787947e+00   2.8395317e+01   1.6805898e+01   3.4347637e+01   3.2385893e+01   3.0436247e+00   4.5596890e+00   1.6739268e+01   7.9834236e+01   2.1885389e+01
   4.1952033e-02   1.9531725e-01   3.5597658e-01   8.8273872e-02   6.3053878e-03   3.6805890e-02   1.4496919e-01   7.6981978e-02   1.8649014e-01   2.0086805e-02   5.4978142e-03   7.2132560e-02   1.2379250e-01   1.3720762e-01   5.6071217e-01   1.5350819e-01   1.0788736e-01   8.4415626e-03   7.6367930e-02   3.6571634e-02
   1.2156843e-06   9.3103608e-07   1.0972190e-06   2.0255720e-07   5.3005351e-09   8.4460225e-08   3.3641572e-07   5.3182066e-07   2.1656069e-07   5.1023562e-08   9.8023520e-08   3.4157165e-07   1.8325954e-07   1.3089120e-06   3.6902566e-07   2.6403541e-07   8.3687337e-07   8.1736289e-09   1.1062457e-07   5.7686520e-08
   0.0000000e+00   0.0000000e+00   0.0000000e+00   0.0000000e+00   0.0000000e+00   0.0000000e+00   0.0000000e+00   0.0000000e+00   0.0000000e+00   0.0000000e+00   0.0000000e+00   0.0000000e+00   0.0000000e+00   0.0000000e+00   0.0000000e+00   0.0000000e+00   0.0000000e+00   0.0000000e+00   0.0000000e+00   9.0949470e-13
