   6.3207767e+09   1.2287331e+10   1.2758554e+10   7.5144971e+09   8.9866561e+09   1.3356135e+10   1.2326590e+10   1.0876054e+10   5.5455352e+09   1.2567272e+10   1.0253598e+10   1.2120621e+10   7.2235326e+09   9.5458908e+09   8.9171982e+09   7.5724398e+09   1.1462229e+10   1.0394743e+10   1.4311325e+10   1.5447854e+10
   6.1214159e+09   4.3510736e+09   3.8563905e+09   1.3111318e+09   4.4020510e+09   4.4300844e+09   5.0764876e+09   6.5571184e+09   5.3921381e+09   1.5257897e+09   7.8866061e+09   9.2939427e+09   6.2512883e+09   4.2677859e+09   6.4513884e+09   7.5724398e+09   6.1955395e+09   5.0254782e+09   7.6627438e+09   4.9055225e+09
   2.6110973e+09   4.3510736e+09   2.9443984e+09   1.3111318e+09   4.4017285e+09   3.2530269e+09   3.9273696e+09   5.2271148e+09   3.5914974e+09   4.0424334e+08   2.0786118e+09   4.0891202e+09   3.5659105e+09   4.2677859e+09   1.2975155e+09   6.1387842e+09   4.6290897e+09   3.7828078e+09   4.3542485e+09   3.4881709e+09
   1.6658435e+09   6.8314678e+08   2.9443984e+09   8.3492366e+08   3.8385731e+09   1.9481625e+09   1.4866356e+09   3.7596822e+09   1.5125066e+09   4.0424334e+08   1.9979161e+09   2.4044195e+09   3.5659105e+09   1.8364628e+08   1.2975155e+09   3.6641407e+08   1.5820491e+09   3.7828078e+09   1.0996855e+09   3.4881709e+09
   3.1038857e+08   6.8314678e+08   2.5037521e+09   3.7900089e+08   2.1940146e+09   3.2812323e+08   8.0995790e+08   1.0181394e+09   1.0647703e+09   3.8165850e+08   4.6542074e+08   5.0694466e+08   1.7604798e+09   8.9884745e+07   1.2533368e+09   3.6641407e+08   5.7878553e+08   1.3125024e+09   1.0996855e+09   4.8330297e+08
   3.1038857e+08   5.8406254e+08   7.6565908e+08   3.7708762e+08   2.2864528e+08   2.6697997e+08   8.0995790e+08   2.2846533e+08   6.0550451e+08   2.5892947e+08   2.9259767e+08   3.3761206e+08   1.7459627e+09   8.9884745e+07   7.4328951e+08   1.5998191e+08   4.3678318e+08   7.6140689e+08   1.0996855e+09   4.8330297e+08
   3.1038857e+08   2.2859499e+08   7.6565908e+08   2.2392580e+08   6.4969818e+07   2.6697997e+08   4.6194505e+08   2.2846533e+08   1.0040990e+08   2.2621537e+08   2.9259767e+08   3.1409648e+08   4.9227842e+08   2.5217320e+07   7.4328951e+08   5.5904928e+07   2.0947634e+08   4.0262660e+08   2.8380650e+08   4.3243691e+08
   7.9161125e+07   2.2859499e+08   3.3007422e+08   2.2392580e+08   6.4969818e+07   2.3907013e+08   4.6194505e+08   1.7417582e+08   1.0040990e+08   2.1458122e+08   7.3137344e+07   1.8406333e+08   1.5116346e+08   2.5217320e+07   6.6126592e+08   5.5904928e+07   2.0947634e+08   2.0069206e+07   1.2569385e+08   3.2755426e+08
   7.9161125e+07   2.0364863e+08   3.3007422e+08   2.1869906e+08   6.4969818e+07   9.0266616e+07   2.5277999e+08   1.4734714e+08   8.5107077e+07   1.5713596e+08   7.3137344e+07   1.8406333e+08   1.5116346e+08   2.5217320e+07   2.0527448e+08   5.5904928e+07   1.4875485e+08   2.0069206e+07   1.2569385e+08   3.1532911e+08
   7.9161125e+07   1.8428959e+08   1.7791000e+08   1.1992416e+08   6.4969818e+07   9.0266616e+07   2.5277999e+08   9.2011897e+07   6.3995289e+07   7.3933177e+07   7.3137344e+07   1.8406333e+08   6.3006529e+07   2.5217320e+07   2.0527448e+08   3.0198951e+07   4.9739643e+07   2.0069206e+07   1.2569385e+08   2.0545307e+08
   7.5395536e+07   8.3767486e+07   7.1623792e+07   6.2277783e+07   5.3615678e+07   5.0241587e+07   1.1316248e+08   6.2216529e+07   5.7522470e+07   2.5354219e+07   7.3137344e+07   1.2296285e+07   6.3006529e+07   2.5217320e+07   1.0121111e+08   3.0198951e+07   4.9739643e+07   2.0069206e+07   5.8268922e+07   7.5173899e+07
   2.2657559e+06   5.5056708e+06   1.4974761e+06   1.6721562e+06   3.2800245e+06   3.6408739e+06   7.4129244e+05   5.3505628e+06   4.3428357e+06   2.0066223e+06   2.6643812e+06   1.9156238e+06   3.5482871e+06   5.8551330e+05   1.7678080e+06   5.4592546e+06   1.6758610e+06   1.3751479e+06   7.4806080e+06   3.2035647e+06
   3.0536574e+04   1.0946634e+05   8.1831785e+04   1.0459822e+05   3.3486118e+04   4.4869032e+04   2.7200117e+04   3.8112445e+04   1.4041206e+05   1.9664040e+05   4.5801160e+04   1.1888868e+03   1.1278527e+05   7.6121460e+04   1.4329823e+05   5.5014201e+04   4.8388582e+04   6.6473355e+04   1.4547996e+05   2.6226751e+04
   5.0838896e+01   4.8827269e+01   3.1593550e+01   2.1659629e+02   3.6632789e+01   3.8731487e+01   1.0887425e+02   3.7298315e+01   2.6353731e+02   1.7052335e+01   1.0316787e+02   1.4266338e+01   1.4353524e+02   1.7810824e+02   1.8940467e+02   6.8678611e+01   1.9884685e+01   1.4675836e+02   8.1266751e+01   1.9340063e+02
   1.1260873e-05   9.2423086e-05   2.1218779e-04   1.2218724e-03   1.3076496e-03   1.9740373e-04   3.2396260e-04   2.2082554e-04   1.2313518e-03   7.5148796e-04   1.2616163e-03   1.1756818e-04   1.1138875e-03   9.3348916e-04   8.8926535e-04   3.4272955e-04   2.8089525e-04   3.6350655e-03   3.1444377e-04   1.7700757e-03
   2.0176362e-24   2.0103154e-23   2.0158889e-23   2.7707022e-23   2.9908671e-23   3.7370607e-23   4.6268500e-23   6.6845565e-23   7.6614378e-23   1.8222588e-22   3.7241301e-22   3.8223903e-22   1.0065560e-21   1.2065930e-21   1.3408884e-21   1.4055381e-21   7.5886394e-21   1.5119933e-20   5.9046951e-20   1.3166173e-18
