   5.8820468e+06   5.7192913e+06   2.2646414e+06   2.4822510e+06   4.7049493e+06   5.3054154e+06   6.5676711e+06   2.1642612e+06   1.6619033e+06   1.1533042e+07   1.4096286e+06   8.3345919e+06   1.8922552e+07   2.4063810e+06   1.4162099e+07   1.3315200e+07   2.0593167e+07   2.9700106e+06   9.2000926e+06   8.7706589e+06
   5.8820468e+06   2.3463653e+06   2.2646414e+06   2.3436032e+06   2.5025513e+06   5.0660025e+06   1.0505658e+06   2.1640247e+06   1.6619033e+06   1.1533042e+07   1.4096286e+06   4.4096269e+05   5.9936367e+06   3.5680998e+04   3.9916369e+06   1.3315200e+07   3.4353707e+05   2.9700106e+06   4.8648192e+05   3.1693462e+06
   4.1657608e+05   1.4810129e+06   1.7320559e+06   2.3436032e+06   2.4995777e+06   1.4644541e+06   9.0817194e+05   2.1466468e+06   1.6619033e+06   1.8900310e+06   1.4096286e+06   4.4095920e+05   3.3858249e+06   3.5680998e+04   2.1313515e+05   5.1247379e+06   3.4353707e+05   2.6128962e+06   3.2438741e+05   2.8299320e+06
   4.1657608e+05   6.6997216e+05   5.7606379e+05   2.3436032e+06   6.3596586e+05   1.4644541e+06   9.0817194e+05   5.8792042e+04   1.6619033e+06   1.0364412e+06   5.1286086e+05   3.2271400e+05   1.2510381e+06   3.5680998e+04   3.2116483e+04   1.6694067e+05   3.4353707e+05   6.6499155e+05   3.2438298e+05   1.9187525e+05
   4.1657608e+05   6.6997216e+05   5.7606379e+05   1.4256066e+05   1.0972116e+05   7.3559530e+05   1.6519210e+05   5.8792042e+04   1.0709346e+06   1.0169688e+06   1.4571529e+05   3.2271400e+05   1.1338088e+06   3.4377186e+04   2.6251429e+04   4.2325588e+04   3.4347968e+05   6.6499155e+05   3.2438298e+05   1.9187525e+05
   2.4473576e+04   6.6955774e+05   5.7606379e+05   1.4256066e+05   1.0972116e+05   7.3559530e+05   1.6519210e+05   3.4045784e+03   6.7100172e+05   1.0169688e+06   1.4571529e+05   3.2271400e+05   1.1338088e+06   2.0376714e+04   2.5781369e+03   4.2325588e+04   3.4347968e+05   2.2772144e+05   3.2438251e+05   1.9187525e+05
   2.3612408e+04   1.7504460e+05   1.8699615e+05   1.4212518e+05   1.0105784e+04   7.1090592e+05   6.1569190e+04   3.4045784e+03   1.1185211e+05   6.1385491e+05   6.8401485e+04   3.9166734e+04   8.1654821e+05   2.0376714e+04   2.5781369e+03   4.2325588e+04   3.4347968e+05   5.8916369e+04   2.0806429e+05   9.7429405e+04
   9.7473771e+03   1.2528821e+04   1.8696013e+05   1.4212518e+05   1.0105784e+04   4.9577215e+05   6.1161714e+04   3.4045784e+03   1.1185211e+05   6.1007287e+05   7.0253182e+03   1.5292917e+04   8.1654821e+05   2.0014929e+04   2.5781369e+03   4.2325588e+04   3.6707240e+04   5.8484183e+04   1.5162946e+04   6.4255463e+04
   9.7473771e+03   1.2528821e+04   1.8696013e+05   1.4212518e+05   1.0105784e+04   2.0790643e+04   6.1161714e+04   3.4045784e+03   3.6772937e+04   4.3267587e+05   2.0003177e+03   1.5292917e+04   5.4712568e+05   1.8766630e+04   2.5736216e+03   4.2325588e+04   3.6707240e+04   1.2249717e+04   1.5029062e+04   6.2006226e+04
   9.7473771e+03   1.2112609e+04   8.8801590e+03   1.4212518e+05   1.0105784e+04   7.7223907e+03   6.1161714e+04   3.4045784e+03   3.6752101e+04   1.6406318e+04   2.0003177e+03   9.5661996e+03   6.9828773e+04   1.8766630e+04   2.5614744e+03   4.2325588e+04   3.6707240e+04   1.0275055e+04   1.1290706e+04   6.2006226e+04
   9.7473771e+03   6.5971374e+03   7.1183728e+03   5.9336686e+03   2.3748662e+03   6.3575317e+03   1.5714919e+04   1.1123665e+03   3.6752101e+04   1.6406318e+04   1.7024618e+03   9.5661996e+03   3.2202822e+04   1.8766630e+04   2.4884493e+03   3.0858509e+04   3.6707240e+04   2.8598966e+03   1.1290706e+04   1.7550299e+04
   4.6081556e+03   8.1396471e+02   1.1277030e+03   3.6368354e+03   3.6377887e+02   2.9938994e+02   4.3948243e+02   1.1038833e+03   2.4530867e+03   6.5193120e+02   1.0535891e+03   6.9491975e+02   2.3602029e+02   5.4549075e+02   5.5495403e+02   1.1860152e+03   1.0147915e+04   1.3801500e+03   1.5320332e+03   1.6991316e+03
   6.2240594e+01   6.3597456e+01   2.3411961e+01   3.1451465e+01   4.1179627e+01   9.8338279e+00   7.1280788e+01   1.5616453e+00   8.8003707e+01   2.3391794e+01   3.1732675e+01   5.6100400e+01   6.0502949e+01   1.5782500e+01   1.8261031e+01   1.3087146e+02   7.6073022e+01   8.1806653e+01   1.4303964e+01   4.5942193e+01
   3.2020155e-02   7.2511514e-02   5.7645456e-02   7.9753720e-02   5.7841469e-02   3.0945750e-02   5.4128057e-02   6.2582953e-02   2.3952255e-01   1.2574620e-01   1.0387720e-02   8.2286376e-01   8.1427430e-02   9.3531876e-02   1.7506804e-02   1.7017766e-01   1.8093456e-01   1.0722823e-01   2.8585392e-01   2.1976287e-01
   1.4336800e-08   1.3049579e-07   1.7835483e-07   3.7195995e-07   1.3003369e-07   5.5096781e-07   1.2621696e-07   9.9150422e-07   2.8626076e-07   1.1076232e-07   1.2230251e-07   3.8319604e-06   2.9122408e-07   1.0645786e-06   1.3531997e-07   1.8703131e-06   4.3365159e-07   3.6050834e-07   8.6102656e-06   1.6750990e-07
   4.9411944e-23   9.2174751e-23   1.5200359e-21   5.5241812e-21   1.5023841e-20   1.5494755e-20   1.5891113e-20   1.9979901e-20   2.4929888e-20   3.1531757e-20   6.6412386e-20   1.1811844e-19   1.6816175e-19   1.9637752e-19   2.1539157e-19   2.4543421e-19   1.1362589e-18   1.8491825e-18   2.7513840e-18   1.2635438e-17
