   1.1485230e+06   4.2363187e+06   2.7314068e+06   3.4960968e+06   3.4417641e+06   6.1843044e+06   6.5810874e+06   1.6420868e+06   1.0375887e+07   2.1829217e+06   8.9336735e+06   3.2258476e+05   1.4573367e+06   3.0244125e+06   1.7968768e+06   3.5154186e+06   2.0525018e+06   1.7411267e+06   8.4989866e+05   2.5458563e+04
   1.1481178e+06   4.1713612e+05   2.2805793e+06   3.4936070e+06   1.4971192e+03   4.9588247e+06   1.1893895e+06   1.0827442e+06   5.3919002e+05   1.3566281e+05   1.1337847e+05   2.8805687e+05   1.4471296e+06   1.0588822e+06   8.6786580e+05   1.3889489e+06   2.0525018e+06   1.7411267e+06   3.3591194e+05   2.5458563e+04
   6.4534013e+05   4.1637180e+05   1.5763015e+05   3.4936070e+06   1.4971192e+03   8.9959900e+05   1.7159251e+04   1.1191847e+05   5.3852309e+05   1.3171147e+05   1.1336615e+05   2.8805687e+05   7.4897864e+05   1.6684923e+05   8.6757467e+05   6.0015113e+03   1.1944742e+06   5.9124455e+05   3.3591194e+05   2.5413259e+04
   2.4548354e+05   4.1637180e+05   1.5737691e+05   1.3548900e+06   1.4971192e+03   8.9959900e+05   7.4266185e+03   1.1132239e+05   5.9359981e+04   1.3171147e+05   1.1090898e+05   2.8805687e+05   7.4897141e+05   1.2801173e+05   4.5169614e+05   6.0015113e+03   1.1944742e+06   1.8326145e+05   3.3591194e+05   2.5413259e+04
   8.4557549e+04   8.4630206e+04   2.9153622e+04   3.1972947e+05   1.4971192e+03   4.5027241e+04   7.4266185e+03   1.1132239e+05   5.9359981e+04   1.1042104e+04   7.5584469e+04   1.9669198e+05   2.1539494e+05   3.5130215e+04   4.4547484e+04   6.0015113e+03   5.1152917e+05   1.8326145e+05   2.3348150e+05   2.5413259e+04
   1.4145776e+04   8.4358233e+04   2.9153622e+04   1.2686860e+05   1.4971192e+03   4.5027241e+04   7.4266185e+03   5.5853979e+03   4.1856833e+03   1.1042104e+04   5.6119250e+04   1.6289929e+05   2.1539494e+05   1.0790608e+03   4.4547484e+04   5.9966636e+03   5.1146570e+05   1.4691634e+03   2.6889187e+04   2.4679965e+04
   9.2525886e+03   8.4358233e+04   5.3975594e+03   1.2668725e+05   1.4971192e+03   5.6561299e+03   7.4266185e+03   5.5853979e+03   4.1856833e+03   1.1042104e+04   5.6090763e+04   2.7439675e+04   7.1626477e+04   1.0790608e+03   4.4547484e+04   5.6867782e+03   2.6542906e+05   1.4691634e+03   1.4810056e+04   1.8996132e+04
   9.2525886e+03   8.4358233e+04   5.3975594e+03   2.5179829e+04   1.2472126e+03   5.6561299e+03   7.4266185e+03   2.0583027e+03   4.1856271e+03   8.5955508e+03   5.0675553e+04   2.7439675e+04   7.1626477e+04   1.0790608e+03   4.4547484e+04   5.6867782e+03   1.0952564e+05   1.4691634e+03   1.4810056e+04   1.8996132e+04
   9.2525886e+03   1.5468813e+03   5.3975594e+03   6.4221661e+02   1.2472126e+03   5.6561299e+03   7.4266185e+03   2.0583027e+03   4.1856271e+03   8.5955508e+03   3.7283613e+03   2.7439675e+04   1.4753335e+04   1.0790608e+03   1.7156985e+04   5.6867312e+03   1.0952564e+05   8.5873970e+02   1.4810056e+04   1.8996132e+04
   5.1816232e+03   1.5468813e+03   5.3975594e+03   6.4221661e+02   1.2472126e+03   5.6561299e+03   7.4266185e+03   2.0418781e+03   4.1856271e+03   8.5955508e+03   3.7283613e+03   2.7423162e+04   1.4753335e+04   1.0790608e+03   1.7156985e+04   5.6867312e+03   3.9338648e+04   8.5873970e+02   8.5289240e+02   1.8996132e+04
   4.9451414e+03   1.5468813e+03   6.5614940e+02   6.4221661e+02   1.2472126e+03   5.6561299e+03   7.4266185e+03   1.0286324e+03   4.1856271e+03   8.5955508e+03   3.3659174e+03   2.7423162e+04   7.0239925e+03   8.4044381e+02   1.2938713e+04   4.8311873e+03   1.8613824e+04   3.2521803e+02   8.5289240e+02   1.6721228e+04
   3.0538287e+02   7.5516527e+02   2.0444253e+02   3.6112321e+02   1.2360509e+02   9.2296969e+01   1.0686354e+02   2.1496485e+01   3.1118013e+02   3.7957060e+02   2.7795550e+02   2.9782065e+02   5.3334796e+01   4.3539276e+01   1.1993807e+02   2.5223729e+02   2.7871626e+02   8.1598769e+01   6.6295387e+01   1.7437286e+01
   3.6796202e+00   4.5593997e+00   2.5641260e+00   5.4282434e+00   1.7408237e+01   4.6814330e+00   4.7907900e+01   4.9771283e+00   6.2846042e+00   2.3952718e+01   1.3165898e+01   6.6231189e+00   4.7949617e+00   8.1952305e+00   5.6045966e+00   1.2242365e+01   3.2162889e+00   6.8395860e+00   5.0479282e+00   5.6388826e+00
   6.5145942e-02   1.3153121e-01   5.2596578e-02   1.7141130e-01   2.4709337e-01   1.2655606e-01   3.4359314e-01   4.9675776e-02   3.5875530e-01   1.4096002e-01   3.3194599e-01   1.9544142e-01   1.5431933e-01   5.0343001e-02   1.8463493e-01   2.2220553e-01   1.2024562e-01   1.5060636e-01   2.5544359e-01   1.5774647e-01
   1.9874062e-03   3.3886686e-03   7.3842505e-04   7.2686140e-03   8.1275480e-03   3.6368000e-03   7.1578651e-03   9.3900593e-04   2.5789740e-03   1.8385505e-03   8.7922615e-03   3.0486162e-03   1.6998460e-02   3.7247255e-03   1.7576285e-03   4.6767422e-03   1.2948668e-03   3.8935258e-03   5.3301392e-03   3.4361012e-03
   1.2199236e-13   3.3204279e-12   4.2654393e-08   1.4443957e-07   5.1739887e-07   9.9180630e-07   1.0229530e-06   1.2307570e-06   1.2966535e-06   1.4230025e-06   1.7531311e-06   6.6697081e-06   8.1102886e-06   8.8232134e-06   1.7220261e-05   2.3101074e-05   2.8418886e-05   4.5065018e-05   6.9179639e-05   1.4339939e-04
