   2.3801091e+04   7.4663792e+04   3.1261840e+04   8.9805565e+04   1.5931421e+04   3.0376934e+04   8.0610680e+03   8.7045033e+04   3.7925395e+04   1.2103635e+04   1.3210293e+04   3.8613105e+04   2.8025036e+04   9.2027817e+03   3.8201365e+04   3.8496926e+04   5.3387190e+04   2.2631655e+04   1.0652817e+04   4.8702628e+04
   2.1548659e+03   1.3595848e+04   2.1306575e+04   2.7753916e+04   5.9230009e+03   1.5738738e+02   1.0146633e+03   8.3553019e+04   4.3452813e+03   1.2031511e+04   7.3759672e+03   2.4021746e+03   1.8668507e+04   4.2424276e+03   3.8201365e+04   1.0270695e+04   1.6094133e+04   9.1398369e+01   3.4308319e+03   1.7893259e+04
   2.1528621e+03   7.8010646e+02   1.8611861e+04   2.7753916e+04   4.0316422e+03   1.5738738e+02   1.0146633e+03   9.4416349e+03   3.5287605e+03   8.7242835e+02   5.0405921e+03   1.9986779e+03   7.6386938e+03   2.8874265e+02   9.7558911e+03   1.3487512e+03   4.7796577e+03   9.1398369e+01   1.9930198e+03   1.4816919e+04
   1.7471197e+03   5.9109339e+02   2.6941869e+03   1.4964247e+04   1.0754686e+03   1.5738738e+02   1.0146633e+03   9.3771621e+02   2.9925017e+02   8.7242835e+02   2.6114709e+03   1.1924379e+02   9.5603527e+01   5.3874459e+01   1.0267169e+03   6.8172923e+02   7.3509725e+01   9.1398369e+01   3.0187256e+02   1.6870935e+02
   1.1337143e+03   2.5872343e+02   1.4374931e+02   1.4964247e+04   3.8825899e+01   1.5738738e+02   9.5307171e+01   1.7867110e+01   2.0535499e+02   4.3107669e+02   8.9481645e+02   7.7670185e+01   9.5603527e+01   5.3874459e+01   5.8998211e+02   5.1345956e+01   7.3509725e+01   9.1398369e+01   3.0187256e+02   1.6870935e+02
   2.4907939e+02   2.5872343e+02   5.4410079e+01   3.7711433e+02   3.8825899e+01   1.7400407e+01   5.9529210e+01   1.0772254e+01   1.7047871e+02   2.7405567e+02   5.5754467e+02   6.8752836e+01   5.8413594e+01   1.4085990e+01   5.8998211e+02   5.1345956e+01   6.4442846e+01   9.1398369e+01   1.1763500e+01   8.0213563e+00
   2.2541178e+01   3.9341238e+01   4.9266924e+01   1.8916702e+01   3.8758114e+01   1.7400407e+01   1.5293881e+01   1.0772254e+01   1.2509339e+01   4.2501189e+01   1.6904842e+02   5.3106911e+01   2.9191795e+01   1.4085990e+01   1.6662372e+02   1.9225996e+01   6.2792295e+01   7.0899865e+01   1.1763500e+01   8.0213563e+00
   2.0164711e+01   1.1101874e+01   1.6463574e+01   1.8916702e+01   9.9741351e+00   1.7400407e+01   1.5293881e+01   1.0772254e+01   1.2509339e+01   3.5926742e+01   1.6358607e+01   1.3038765e+01   2.9191795e+01   1.4085990e+01   2.0243663e+01   1.9225996e+01   5.4975599e+01   7.0899865e+01   1.0870299e+01   7.4559291e+00
   2.0164711e+01   1.1101874e+01   1.6463574e+01   1.3202203e+01   8.2876831e+00   1.1641659e+01   1.5293881e+01   1.0772254e+01   1.2509339e+01   3.5926742e+01   1.2982300e+01   1.3038765e+01   2.9191795e+01   7.7703557e+00   1.3364245e+01   8.4972265e+00   5.4975599e+01   2.3573861e+01   1.0171334e+01   6.1211241e+00
   1.1175923e+01   4.8458560e+00   1.6463574e+01   1.1538856e+01   8.0732690e+00   6.2345536e+00   1.3419667e+01   9.8491110e+00   1.2509339e+01   1.4403516e+01   1.2982300e+01   9.2537563e+00   2.0479364e+01   7.7703557e+00   1.0910327e+01   7.1470977e+00   1.0503375e+01   1.1348337e+01   1.0171334e+01   6.1211241e+00
   1.1175923e+01   4.8458560e+00   1.6463574e+01   1.1538856e+01   7.6080746e+00   6.2345536e+00   1.3419667e+01   7.9810117e+00   9.9414280e+00   5.3855996e+00   1.2982300e+01   9.2537563e+00   1.2531837e+01   7.7703557e+00   1.0910327e+01   7.1470977e+00   1.0503375e+01   1.1348337e+01   6.1563744e+00   6.1211241e+00
   1.7189849e+00   4.6723704e+00   4.9828589e+00   5.6547743e+00   3.1359267e+00   4.2346421e+00   4.3631129e+00   2.6350333e+00   3.8602396e+00   2.7695552e+00   4.5153511e+00   3.2926231e+00   4.5670528e+00   2.6888784e+00   2.3263783e+00   3.7064778e+00   2.0608076e+00   3.3701598e+00   4.2258868e+00   2.5177485e+00
   1.0055777e+00   1.7956109e-01   5.2200402e-01   1.1783443e+00   6.0941476e-01   3.8976926e-01   7.5052895e-01   6.5863445e-01   3.7587540e-01   7.7501448e-01   1.2911927e-01   3.3750211e-01   1.4818617e-01   8.8107704e-02   1.1583371e-01   4.4605108e-01   2.5904040e-01   4.8976054e-01   1.2084454e+00   2.5931296e-01
   3.8700070e-02   1.1377553e-04   3.4823369e-03   3.0513208e-03   4.1305539e-03   1.0284847e-03   1.0063085e-03   1.5322132e-04   6.2247797e-04   4.1580017e-04   1.3504633e-04   2.9282549e-05   4.8759973e-05   2.4710204e-04   4.4123063e-03   7.6060107e-04   1.4032031e-02   1.8615229e-02   2.5062564e-03   4.5661287e-03
   1.5001563e-08   8.2454599e-11   3.4971138e-09   1.6539403e-10   8.5386360e-09   6.0379701e-11   1.0662582e-12   6.5258909e-13   6.8084194e-10   9.0429553e-11   1.3433699e-14   5.1416649e-12   2.9869884e-11   6.9167672e-11   1.0952017e-10   1.4981461e-11   6.1559570e-08   1.0632634e-07   6.8610329e-10   7.2760686e-12
   0.0000000e+00   0.0000000e+00   0.0000000e+00   0.0000000e+00   0.0000000e+00   0.0000000e+00   0.0000000e+00   0.0000000e+00   0.0000000e+00   0.0000000e+00   0.0000000e+00   0.0000000e+00   0.0000000e+00   0.0000000e+00   0.0000000e+00   0.0000000e+00   0.0000000e+00   0.0000000e+00   0.0000000e+00   0.0000000e+00
