   5.2114117e+02   5.7216929e+02   6.0882018e+02   5.9804818e+02   5.3323975e+02   5.8742090e+02   6.2608326e+02   5.7342736e+02   6.8502215e+02   6.8424502e+02   4.9442586e+02   3.5084385e+02   5.7487457e+02   6.3404762e+02   6.6348187e+02   5.8873433e+02   6.2325217e+02   4.4165370e+02   6.7706921e+02   6.1992519e+02
   5.2114117e+02   5.3102889e+02   3.6848391e+02   5.0075271e+02   5.3323975e+02   3.6561731e+02   3.2598044e+02   2.8459387e+02   4.2009861e+02   2.5257126e+02   4.6857273e+02   3.4352707e+02   2.3140256e+02   3.8308760e+02   3.5534562e+02   5.2877375e+02   3.4271971e+02   1.6425128e+02   4.1299408e+02   6.1992519e+02
   2.9951054e+02   4.0011534e+02   2.9181096e+02   3.2706184e+02   4.3587299e+02   3.2050270e+02   2.1227214e+02   2.8459387e+02   1.3841713e+02   2.5257126e+02   4.0871495e+02   1.2856561e+02   1.8726292e+02   1.7643345e+02   1.5873349e+02   2.3694710e+02   2.9653282e+02   1.6425128e+02   2.2219117e+02   2.4075730e+02
   2.2199244e+02   1.0288951e+02   1.9957015e+02   2.0521246e+02   3.5338238e+02   1.8011673e+02   1.3875840e+02   9.8685901e+01   1.0613406e+02   2.4471600e+02   3.9251523e+02   8.9858915e+01   1.2087839e+02   1.2184464e+02   1.3658699e+02   1.3128447e+02   1.3932104e+02   1.6425128e+02   1.4198178e+02   2.0876626e+02
   1.9947048e+02   1.0288951e+02   1.0312749e+02   9.1247368e+01   1.7921131e+02   1.2794891e+02   1.1791196e+02   9.8685901e+01   6.7852098e+01   1.6838830e+02   1.9233575e+02   8.3003975e+01   1.1187283e+02   8.7552100e+01   1.3658699e+02   1.3128447e+02   1.3932104e+02   1.5253578e+02   4.2049441e+01   1.3790325e+02
   1.4399802e+02   9.8354138e+01   8.2863104e+01   7.2732087e+01   5.1553628e+01   5.8886722e+01   1.0114757e+02   9.8685901e+01   6.7852098e+01   1.1766905e+02   8.6756393e+01   5.0464552e+01   8.7491338e+01   8.7075439e+01   9.0441802e+01   1.0051334e+02   1.3932104e+02   1.2156861e+02   4.2049441e+01   6.8995788e+01
   7.9533682e+01   7.8719932e+01   8.2863104e+01   7.2732087e+01   5.1553628e+01   5.8886722e+01   9.1677108e+01   9.7027554e+01   6.7852098e+01   1.1766905e+02   8.6756393e+01   4.5101424e+01   8.7342366e+01   7.5523902e+01   9.0441802e+01   7.5534896e+01   8.1061870e+01   8.8107715e+01   4.2049441e+01   6.8995788e+01
   4.5953181e+01   7.8719932e+01   4.8953719e+01   7.2732087e+01   5.1553628e+01   3.6061373e+01   8.0272961e+01   6.9091880e+01   6.7852098e+01   8.5491998e+01   7.6013360e+01   4.5101424e+01   8.4276751e+01   3.8830288e+01   7.0463695e+01   4.4997320e+01   6.9072194e+01   8.8107715e+01   4.2049441e+01   6.0600391e+01
   4.5953181e+01   7.8719932e+01   4.0561202e+01   7.0148879e+01   5.0053750e+01   3.6061373e+01   6.1474861e+01   6.9091880e+01   6.0918356e+01   6.5393633e+01   5.9815965e+01   4.5101424e+01   5.6371253e+01   3.8830288e+01   7.0045702e+01   4.4997320e+01   6.8843999e+01   7.5787810e+01   4.2049441e+01   4.9041848e+01
   3.2940131e+01   5.6766954e+01   4.0561202e+01   5.8290020e+01   5.0053750e+01   3.6061373e+01   6.1474861e+01   6.0961535e+01   5.8994484e+01   5.2679405e+01   5.2115539e+01   4.5101424e+01   5.4836869e+01   3.8830288e+01   4.2281038e+01   4.3197470e+01   6.5430179e+01   7.2714116e+01   4.2049441e+01   3.7084148e+01
   2.9072212e+01   2.0400479e+01   4.0561202e+01   3.1372671e+01   4.9958169e+01   3.6061373e+01   4.5015339e+01   2.2776213e+01   4.5885798e+01   4.9507769e+01   4.2217077e+01   2.8345774e+01   5.1295140e+01   3.2922012e+01   4.2281038e+01   4.3197470e+01   3.5592474e+01   6.0983703e+01   4.1680073e+01   3.7084148e+01
   1.5473330e+01   1.6489243e+01   1.2563387e+01   1.2500258e+01   8.2920891e+00   1.0333188e+01   1.2023994e+01   1.9587352e+01   1.2489623e+01   7.6982358e+00   1.2744361e+01   9.9812601e+00   1.7091134e+01   1.5859508e+01   1.1705755e+01   1.5914040e+01   1.7122009e+01   1.0713522e+01   1.4779755e+01   1.8162582e+01
   2.4589646e+00   4.0776851e+00   3.8087061e+00   5.6052841e+00   1.3529665e+00   4.3793569e+00   3.3971986e+00   4.4665874e+00   4.5961616e+00   3.4423316e+00   3.0978090e+00   1.2709312e+00   3.4187919e+00   1.9564328e+00   4.1342061e+00   1.6866572e+00   5.1289843e+00   4.0176688e+00   1.0058363e+00   3.1683976e+00
   6.4347383e-02   4.5434045e-02   6.8268437e-02   6.4812084e-02   2.8265024e-02   5.2343460e-02   1.5033657e-02   6.4312584e-02   7.6445017e-02   6.2338497e-02   2.3158117e-02   2.2345767e-02   6.1243383e-02   4.4141639e-02   2.6607441e-02   6.7065995e-02   2.0764193e-02   6.5271059e-02   5.6920350e-02   5.3673486e-02
   5.1131320e-05   1.1813738e-04   7.6685919e-05   1.7665236e-05   2.9779587e-05   2.4791118e-05   3.9599179e-05   8.2328999e-05   1.6126740e-04   1.5077965e-04   3.7398213e-05   2.9423385e-05   7.0817082e-05   1.2928727e-04   7.3576867e-05   1.2949842e-04   1.6305567e-04   1.6475475e-04   1.7556756e-04   9.3018518e-05
   2.4260660e-32   8.8817842e-15   8.8817842e-15   8.8817842e-15   8.8817842e-15   8.8817842e-15   8.8817842e-15   1.7763568e-14   1.7763568e-14   1.7763568e-14   1.7763568e-14   2.6645353e-14   2.6645353e-14   3.5527137e-14   3.5527137e-14   4.4408921e-14   4.4408921e-14   4.4408921e-14   1.1546319e-13   1.3322676e-13
