   5.5764752e+02   1.0791861e+03   7.6675742e+02   3.0108678e+02   3.3498636e+02   1.0079165e+03   7.2163579e+02   4.1843334e+02   7.6918340e+02   9.5247244e+02   4.7875520e+02   5.4700321e+02   5.4261737e+02   4.8594524e+02   6.7434687e+02   5.9158793e+02   1.2704488e+03   6.5474360e+02   7.8381727e+02   9.3052794e+02
   3.6727281e+02   4.8419775e+02   6.1316354e+02   2.8909021e+02   2.8747315e+02   3.3984796e+02   3.6805435e+02   4.1843334e+02   4.9532931e+02   4.7990571e+02   4.7875520e+02   3.1228412e+02   5.4261737e+02   2.1858804e+02   4.3086742e+02   4.9227279e+02   3.9481427e+02   3.4821888e+02   3.2166268e+02   3.6391929e+02
   2.2411081e+02   2.0672466e+02   2.6656208e+02   1.5685780e+02   2.6896952e+02   2.5847383e+02   2.4801385e+02   2.8768846e+02   2.5107678e+02   3.2654605e+02   2.1360499e+02   2.9062413e+02   2.2790414e+02   2.1858804e+02   2.4663528e+02   3.1256602e+02   1.8381444e+02   2.1948824e+02   1.9695532e+02   2.2020620e+02
   1.7414516e+02   1.2449344e+02   1.8106584e+02   1.5685780e+02   1.8843076e+02   2.1058708e+02   1.8181020e+02   2.5909689e+02   2.4635796e+02   1.6912898e+02   2.1360499e+02   2.3111366e+02   2.1969062e+02   2.1858804e+02   1.6706443e+02   1.9297688e+02   1.6518399e+02   2.1948824e+02   1.9695532e+02   1.1110044e+02
   1.6588380e+02   1.1745765e+02   1.1510091e+02   1.5620920e+02   1.8661809e+02   1.5401968e+02   1.1114888e+02   2.5909689e+02   2.2017636e+02   1.6247965e+02   2.1360499e+02   1.6926230e+02   2.0433287e+02   2.1858804e+02   1.6317383e+02   1.8289666e+02   5.1619095e+01   1.7095367e+02   6.9622659e+01   1.1110044e+02
   1.6588380e+02   1.1678516e+02   1.1510091e+02   1.4150163e+02   1.6077909e+02   1.1809584e+02   1.1114888e+02   1.5627929e+02   1.7029323e+02   1.4346420e+02   1.7847420e+02   1.1402087e+02   1.9869135e+02   1.7409050e+02   1.5225740e+02   1.8078814e+02   5.1619095e+01   1.7095367e+02   6.9622659e+01   1.1110044e+02
   1.4801243e+02   1.1179138e+02   1.1510091e+02   1.4150163e+02   1.1682252e+02   1.1809584e+02   1.1080560e+02   1.5627929e+02   1.3742987e+02   1.4346420e+02   1.5482869e+02   1.1402087e+02   1.9437990e+02   1.6210276e+02   1.5225740e+02   1.7427499e+02   5.1619095e+01   1.3784559e+02   6.9622659e+01   8.5824394e+01
   1.4693447e+02   1.1179138e+02   1.1007173e+02   9.3352435e+01   1.1682252e+02   1.1809584e+02   1.1080560e+02   1.0894361e+02   1.3742987e+02   1.4346420e+02   1.4959513e+02   9.1495489e+01   1.4925464e+02   9.5112126e+01   1.5225740e+02   1.5722156e+02   5.1619095e+01   1.3784559e+02   6.9622659e+01   8.5824394e+01
   1.2044557e+02   1.0412609e+02   7.8587782e+01   5.5477827e+01   1.1682252e+02   1.0803750e+02   1.1080560e+02   1.0872098e+02   1.2358699e+02   1.4346420e+02   1.4439276e+02   9.1495489e+01   1.0595859e+02   3.5437372e+01   1.5225740e+02   1.2338713e+02   5.1619095e+01   1.1313312e+02   6.9622659e+01   8.5824394e+01
   1.2044557e+02   1.0412609e+02   6.3617700e+01   5.5477827e+01   6.9641648e+01   1.0284726e+02   1.0035129e+02   1.0872098e+02   1.2358699e+02   1.4134998e+02   1.4439276e+02   9.1495489e+01   6.4262648e+01   3.5437372e+01   1.3008519e+02   1.2338713e+02   5.1619095e+01   5.1641035e+01   6.9622659e+01   2.9045795e+01
   1.2044557e+02   1.0412609e+02   6.3617700e+01   5.5477827e+01   6.9641648e+01   9.5986963e+01   1.0035129e+02   1.0872098e+02   1.2358699e+02   1.2975988e+02   1.2469053e+02   9.1495489e+01   6.4262648e+01   3.5437372e+01   7.9745621e+01   1.1481112e+02   4.4115285e+01   5.1641035e+01   6.9622659e+01   2.9045795e+01
   3.5330062e+01   4.3476503e+01   3.5733903e+01   1.8915888e+01   4.8745387e+01   1.2146248e+01   2.2041016e+01   6.0514651e+01   5.6554921e+01   4.9437615e+01   6.3687018e+01   4.4120096e+01   2.3580190e+01   3.5437372e+01   3.1377047e+01   3.0615392e+01   2.0218255e+01   1.9658084e+01   3.6292218e+01   2.1792191e+01
   4.5465907e+00   6.7543060e+00   3.0434179e+00   3.9033515e+00   3.6387613e+00   4.9629427e+00   4.7366438e+00   1.5338099e+00   5.7266132e+00   8.5162096e+00   7.3992814e-01   8.6241721e+00   4.0163154e+00   4.1199445e+00   2.0204074e+00   8.4000632e+00   2.6739574e+00   2.1336070e+00   3.6802766e+00   6.2974949e+00
   9.8488144e-02   5.1891459e-02   8.7181027e-02   1.0288566e-01   9.7065245e-02   6.4905242e-02   1.0804354e-01   1.1000928e-01   1.4209703e-01   2.9397192e-01   8.0332898e-02   1.1266828e-01   1.3016777e-01   1.3209400e-01   5.7471833e-02   1.5851096e-01   8.7007773e-02   1.5433488e-01   1.0843151e-01   1.7051041e-01
   1.1723478e-02   8.6172958e-03   9.3810560e-03   1.1126152e-02   8.4611354e-03   1.0299908e-02   1.0742512e-02   1.0639490e-02   1.2884946e-02   1.0013842e-02   1.0020591e-02   9.4479886e-03   1.1609668e-02   1.1807811e-02   1.0669103e-02   1.1908066e-02   6.5519100e-03   1.1549984e-02   1.1194226e-02   8.2466758e-03
   1.2648371e-10   1.0123014e-03   3.8471755e-03   3.8598367e-03   3.8606573e-03   3.9351788e-03   3.9973104e-03   4.0571966e-03   4.2017114e-03   4.6454834e-03   4.7256996e-03   5.0845517e-03   5.1665835e-03   5.3004229e-03   5.8030363e-03   6.3298571e-03   6.5519100e-03   6.5553909e-03   6.6185352e-03   7.5786834e-03
